31.9433
40.8967
44.9383
49.3650
52.2267
54.8017
57.1483
59.3417
61.0933
62.6850
63.9467
65.0867
66.0500
67.0783
67.8400
68.7417
69.4667
70.1983
70.9433
71.6283
72.5000
73.1183
73.7583
74.3983
74.9000
75.4717
76.0317
76.3683
76.9250
77.2517
77.6317
77.9250
78.2317
78.5183
78.8033
79.0383
79.2533
79.4483
79.7650
79.9600
80.0867
80.2633
80.4717
80.5567
80.7367
80.8433
80.9700
81.1417
81.2233
81.3500
81.4533
81.5350
81.6350
81.7850
81.8150
81.9617
82.0517
82.0917
82.1717
82.2333
82.3100
82.3317
82.4317
82.4717
82.5583
82.6083
82.6367
82.6850
82.7317
82.7850
82.8267
82.8633
82.9083
82.9650
82.9817
82.9950
83.0517
83.0800
83.0933
83.1417
83.1933
83.1850
83.2167
83.2400
83.2600
83.3050
83.3167
83.3400
83.3767
83.3967
83.4167
83.4333
83.4867
83.5233
83.5583
83.5783
83.6083
83.6267
83.6417
83.6467
83.6650
83.6983
83.7233
83.7467
83.7583
83.7950
83.8017
83.8250
83.8500
83.8817
83.8783
83.8950
83.9133
83.9267
83.9283
83.9683
83.9550
83.9767
84.0117
84.0083
84.0117
84.0367
84.0667
84.0883
84.1000
84.1083
84.1400
84.1467
84.1350
84.1567
84.1800
84.1767
84.2050
84.2150
84.2367
84.2267
84.2550
84.2650
84.2700
84.3050
84.2950
84.3017
84.3350
84.2983
84.3367
84.3417
84.3617
84.3633
84.3650
84.3733
84.3633
84.3817
84.3933
84.4083
84.4000
84.4200
84.4250
84.4317
84.4517
84.4450
84.4700
84.4600
84.4883
84.5000
84.5067
84.4900
84.5067
84.5400
84.5350
84.5633
84.5517
84.5567
84.6033
84.6100
84.6000
84.6433
84.6350
84.6550
84.6767
84.6667
84.6767
84.6867
84.6917
84.7250
84.7217
84.7167
84.7367
84.7583
84.7500
84.7800
84.7800
84.7850
84.7783
84.7850
84.8200
84.8050
84.8050
84.8183
84.8200
84.8333